New batch in val_loader
input_ids: tensor([[ 14924,     25,   3639,    596,    279,  77229,    315,    420,   8624,
             30,   2163,   8634,    220, 128256,   1314,   8634,   4320,     25],
        [ 14924,     25,   2650,  26422,    374,    420,   8624,   4747,     30,
           2163,   8634,    220, 128256,   1314,   8634,   4320,     25, 128257]],
       device='cuda:0')
attention_mask: tensor([[1, 1, 1, 1, 1, 1, 1, 1, 1, 1, 1, 1, 1, 1, 1, 1, 1, 1],
        [1, 1, 1, 1, 1, 1, 1, 1, 1, 1, 1, 1, 1, 1, 1, 1, 1, 0]],
       device='cuda:0')
labels: tensor([[-100, -100, -100, -100, -100, -100, -100, -100, -100, -100, -100, -100,
         -100, -100, -100, -100, -100, -100],
        [-100, -100, -100, -100, -100, -100, -100, -100, -100, -100, -100, -100,
         -100, -100, -100, -100, -100, -100]], device='cuda:0')
images: metatensor([[[[[0., 0., 0.,  ..., 0., 0., 0.],
           [0., 0., 0.,  ..., 0., 0., 0.],
           [0., 0., 0.,  ..., 0., 0., 0.],
           ...,
           [0., 0., 0.,  ..., 0., 0., 0.],
           [0., 0., 0.,  ..., 0., 0., 0.],
           [0., 0., 0.,  ..., 0., 0., 0.]],

          [[0., 0., 0.,  ..., 0., 0., 0.],
           [0., 0., 0.,  ..., 0., 0., 0.],
           [0., 0., 0.,  ..., 0., 0., 0.],
           ...,
           [0., 0., 0.,  ..., 0., 0., 0.],
           [0., 0., 0.,  ..., 0., 0., 0.],
           [0., 0., 0.,  ..., 0., 0., 0.]],

          [[0., 0., 0.,  ..., 0., 0., 0.],
           [0., 0., 0.,  ..., 0., 0., 0.],
           [0., 0., 0.,  ..., 0., 0., 0.],
           ...,
           [0., 0., 0.,  ..., 0., 0., 0.],
           [0., 0., 0.,  ..., 0., 0., 0.],
           [0., 0., 0.,  ..., 0., 0., 0.]],

          ...,

          [[0., 0., 0.,  ..., 0., 0., 0.],
           [0., 0., 0.,  ..., 0., 0., 0.],
           [0., 0., 0.,  ..., 0., 0., 0.],
           ...,
           [0., 0., 0.,  ..., 0., 0., 0.],
           [0., 0., 0.,  ..., 0., 0., 0.],
           [0., 0., 0.,  ..., 0., 0., 0.]],

          [[0., 0., 0.,  ..., 0., 0., 0.],
           [0., 0., 0.,  ..., 0., 0., 0.],
           [0., 0., 0.,  ..., 0., 0., 0.],
           ...,
           [0., 0., 0.,  ..., 0., 0., 0.],
           [0., 0., 0.,  ..., 0., 0., 0.],
           [0., 0., 0.,  ..., 0., 0., 0.]],

          [[0., 0., 0.,  ..., 0., 0., 0.],
           [0., 0., 0.,  ..., 0., 0., 0.],
           [0., 0., 0.,  ..., 0., 0., 0.],
           ...,
           [0., 0., 0.,  ..., 0., 0., 0.],
           [0., 0., 0.,  ..., 0., 0., 0.],
           [0., 0., 0.,  ..., 0., 0., 0.]]]],



        [[[[0., 0., 0.,  ..., 0., 0., 0.],
           [0., 0., 0.,  ..., 0., 0., 0.],
           [0., 0., 0.,  ..., 0., 0., 0.],
           ...,
           [0., 0., 0.,  ..., 0., 0., 0.],
           [0., 0., 0.,  ..., 0., 0., 0.],
           [0., 0., 0.,  ..., 0., 0., 0.]],

          [[0., 0., 0.,  ..., 0., 0., 0.],
           [0., 0., 0.,  ..., 0., 0., 0.],
           [0., 0., 0.,  ..., 0., 0., 0.],
           ...,
           [0., 0., 0.,  ..., 0., 0., 0.],
           [0., 0., 0.,  ..., 0., 0., 0.],
           [0., 0., 0.,  ..., 0., 0., 0.]],

          [[0., 0., 0.,  ..., 0., 0., 0.],
           [0., 0., 0.,  ..., 0., 0., 0.],
           [0., 0., 0.,  ..., 0., 0., 0.],
           ...,
           [0., 0., 0.,  ..., 0., 0., 0.],
           [0., 0., 0.,  ..., 0., 0., 0.],
           [0., 0., 0.,  ..., 0., 0., 0.]],

          ...,

          [[0., 0., 0.,  ..., 0., 0., 0.],
           [0., 0., 0.,  ..., 0., 0., 0.],
           [0., 0., 0.,  ..., 0., 0., 0.],
           ...,
           [0., 0., 0.,  ..., 0., 0., 0.],
           [0., 0., 0.,  ..., 0., 0., 0.],
           [0., 0., 0.,  ..., 0., 0., 0.]],

          [[0., 0., 0.,  ..., 0., 0., 0.],
           [0., 0., 0.,  ..., 0., 0., 0.],
           [0., 0., 0.,  ..., 0., 0., 0.],
           ...,
           [0., 0., 0.,  ..., 0., 0., 0.],
           [0., 0., 0.,  ..., 0., 0., 0.],
           [0., 0., 0.,  ..., 0., 0., 0.]],

          [[0., 0., 0.,  ..., 0., 0., 0.],
           [0., 0., 0.,  ..., 0., 0., 0.],
           [0., 0., 0.,  ..., 0., 0., 0.],
           ...,
           [0., 0., 0.,  ..., 0., 0., 0.],
           [0., 0., 0.,  ..., 0., 0., 0.],
           [0., 0., 0.,  ..., 0., 0., 0.]]]]], device='cuda:0')
full_texts: ["Question: What's the potency of this disease? left_context <image> right_context answer:", 'Question: How pressing is this disease concern? left_context <image> right_context answer:']
class_labels: ['Mild-Dementia', 'Mild-Dementia']
New batch in val_loader
input_ids: tensor([[ 14924,     25,   3639,    596,    279,   2410,    315,    420,   2890,
          95623,    290,     30,   2163,   8634,    220, 128256,   1314,   8634,
           4320,     25],
        [ 14924,     25,   3639,    596,    279,  14830,   4785,    315,    420,
           3044,     30,   2163,   8634,    220, 128256,   1314,   8634,   4320,
             25, 128257]], device='cuda:0')
attention_mask: tensor([[1, 1, 1, 1, 1, 1, 1, 1, 1, 1, 1, 1, 1, 1, 1, 1, 1, 1, 1, 1],
        [1, 1, 1, 1, 1, 1, 1, 1, 1, 1, 1, 1, 1, 1, 1, 1, 1, 1, 1, 0]],
       device='cuda:0')
labels: tensor([[-100, -100, -100, -100, -100, -100, -100, -100, -100, -100, -100, -100,
         -100, -100, -100, -100, -100, -100, -100, -100],
        [-100, -100, -100, -100, -100, -100, -100, -100, -100, -100, -100, -100,
         -100, -100, -100, -100, -100, -100, -100, -100]], device='cuda:0')
images: metatensor([[[[[0., 0., 0.,  ..., 0., 0., 0.],
           [0., 0., 0.,  ..., 0., 0., 0.],
           [0., 0., 0.,  ..., 0., 0., 0.],
           ...,
           [0., 0., 0.,  ..., 0., 0., 0.],
           [0., 0., 0.,  ..., 0., 0., 0.],
           [0., 0., 0.,  ..., 0., 0., 0.]],

          [[0., 0., 0.,  ..., 0., 0., 0.],
           [0., 0., 0.,  ..., 0., 0., 0.],
           [0., 0., 0.,  ..., 0., 0., 0.],
           ...,
           [0., 0., 0.,  ..., 0., 0., 0.],
           [0., 0., 0.,  ..., 0., 0., 0.],
           [0., 0., 0.,  ..., 0., 0., 0.]],

          [[0., 0., 0.,  ..., 0., 0., 0.],
           [0., 0., 0.,  ..., 0., 0., 0.],
           [0., 0., 0.,  ..., 0., 0., 0.],
           ...,
           [0., 0., 0.,  ..., 0., 0., 0.],
           [0., 0., 0.,  ..., 0., 0., 0.],
           [0., 0., 0.,  ..., 0., 0., 0.]],

          ...,

          [[0., 0., 0.,  ..., 0., 0., 0.],
           [0., 0., 0.,  ..., 0., 0., 0.],
           [0., 0., 0.,  ..., 0., 0., 0.],
           ...,
           [0., 0., 0.,  ..., 0., 0., 0.],
           [0., 0., 0.,  ..., 0., 0., 0.],
           [0., 0., 0.,  ..., 0., 0., 0.]],

          [[0., 0., 0.,  ..., 0., 0., 0.],
           [0., 0., 0.,  ..., 0., 0., 0.],
           [0., 0., 0.,  ..., 0., 0., 0.],
           ...,
           [0., 0., 0.,  ..., 0., 0., 0.],
           [0., 0., 0.,  ..., 0., 0., 0.],
           [0., 0., 0.,  ..., 0., 0., 0.]],

          [[0., 0., 0.,  ..., 0., 0., 0.],
           [0., 0., 0.,  ..., 0., 0., 0.],
           [0., 0., 0.,  ..., 0., 0., 0.],
           ...,
           [0., 0., 0.,  ..., 0., 0., 0.],
           [0., 0., 0.,  ..., 0., 0., 0.],
           [0., 0., 0.,  ..., 0., 0., 0.]]]],



        [[[[0., 0., 0.,  ..., 0., 0., 0.],
           [0., 0., 0.,  ..., 0., 0., 0.],
           [0., 0., 0.,  ..., 0., 0., 0.],
           ...,
           [0., 0., 0.,  ..., 0., 0., 0.],
           [0., 0., 0.,  ..., 0., 0., 0.],
           [0., 0., 0.,  ..., 0., 0., 0.]],

          [[0., 0., 0.,  ..., 0., 0., 0.],
           [0., 0., 0.,  ..., 0., 0., 0.],
           [0., 0., 0.,  ..., 0., 0., 0.],
           ...,
           [0., 0., 0.,  ..., 0., 0., 0.],
           [0., 0., 0.,  ..., 0., 0., 0.],
           [0., 0., 0.,  ..., 0., 0., 0.]],

          [[0., 0., 0.,  ..., 0., 0., 0.],
           [0., 0., 0.,  ..., 0., 0., 0.],
           [0., 0., 0.,  ..., 0., 0., 0.],
           ...,
           [0., 0., 0.,  ..., 0., 0., 0.],
           [0., 0., 0.,  ..., 0., 0., 0.],
           [0., 0., 0.,  ..., 0., 0., 0.]],

          ...,

          [[0., 0., 0.,  ..., 0., 0., 0.],
           [0., 0., 0.,  ..., 0., 0., 0.],
           [0., 0., 0.,  ..., 0., 0., 0.],
           ...,
           [0., 0., 0.,  ..., 0., 0., 0.],
           [0., 0., 0.,  ..., 0., 0., 0.],
           [0., 0., 0.,  ..., 0., 0., 0.]],

          [[0., 0., 0.,  ..., 0., 0., 0.],
           [0., 0., 0.,  ..., 0., 0., 0.],
           [0., 0., 0.,  ..., 0., 0., 0.],
           ...,
           [0., 0., 0.,  ..., 0., 0., 0.],
           [0., 0., 0.,  ..., 0., 0., 0.],
           [0., 0., 0.,  ..., 0., 0., 0.]],

          [[0., 0., 0.,  ..., 0., 0., 0.],
           [0., 0., 0.,  ..., 0., 0., 0.],
           [0., 0., 0.,  ..., 0., 0., 0.],
           ...,
           [0., 0., 0.,  ..., 0., 0., 0.],
           [0., 0., 0.,  ..., 0., 0., 0.],
           [0., 0., 0.,  ..., 0., 0., 0.]]]]], device='cuda:0')
full_texts: ["Question: What's the power of this health affliction? left_context <image> right_context answer:", "Question: What's the clinical weight of this condition? left_context <image> right_context answer:"]
class_labels: ['Mild-Dementia', 'Mild-Dementia']
New batch in val_loader
input_ids: tensor([[ 14924,     25,   2650,   6129,   1053,    499,   4478,    420,   8624,
             30,   2163,   8634,    220, 128256,   1314,   8634,   4320,     25,
         128257, 128257],
        [ 14924,     25,   3639,    596,    279,  31020,  24790,    315,    420,
           6593,   1614,     30,   2163,   8634,    220, 128256,   1314,   8634,
           4320,     25]], device='cuda:0')
attention_mask: tensor([[1, 1, 1, 1, 1, 1, 1, 1, 1, 1, 1, 1, 1, 1, 1, 1, 1, 1, 0, 0],
        [1, 1, 1, 1, 1, 1, 1, 1, 1, 1, 1, 1, 1, 1, 1, 1, 1, 1, 1, 1]],
       device='cuda:0')
labels: tensor([[-100, -100, -100, -100, -100, -100, -100, -100, -100, -100, -100, -100,
         -100, -100, -100, -100, -100, -100, -100, -100],
        [-100, -100, -100, -100, -100, -100, -100, -100, -100, -100, -100, -100,
         -100, -100, -100, -100, -100, -100, -100, -100]], device='cuda:0')
images: metatensor([[[[[0., 0., 0.,  ..., 0., 0., 0.],
           [0., 0., 0.,  ..., 0., 0., 0.],
           [0., 0., 0.,  ..., 0., 0., 0.],
           ...,
           [0., 0., 0.,  ..., 0., 0., 0.],
           [0., 0., 0.,  ..., 0., 0., 0.],
           [0., 0., 0.,  ..., 0., 0., 0.]],

          [[0., 0., 0.,  ..., 0., 0., 0.],
           [0., 0., 0.,  ..., 0., 0., 0.],
           [0., 0., 0.,  ..., 0., 0., 0.],
           ...,
           [0., 0., 0.,  ..., 0., 0., 0.],
           [0., 0., 0.,  ..., 0., 0., 0.],
           [0., 0., 0.,  ..., 0., 0., 0.]],

          [[0., 0., 0.,  ..., 0., 0., 0.],
           [0., 0., 0.,  ..., 0., 0., 0.],
           [0., 0., 0.,  ..., 0., 0., 0.],
           ...,
           [0., 0., 0.,  ..., 0., 0., 0.],
           [0., 0., 0.,  ..., 0., 0., 0.],
           [0., 0., 0.,  ..., 0., 0., 0.]],

          ...,

          [[0., 0., 0.,  ..., 0., 0., 0.],
           [0., 0., 0.,  ..., 0., 0., 0.],
           [0., 0., 0.,  ..., 0., 0., 0.],
           ...,
           [0., 0., 0.,  ..., 0., 0., 0.],
           [0., 0., 0.,  ..., 0., 0., 0.],
           [0., 0., 0.,  ..., 0., 0., 0.]],

          [[0., 0., 0.,  ..., 0., 0., 0.],
           [0., 0., 0.,  ..., 0., 0., 0.],
           [0., 0., 0.,  ..., 0., 0., 0.],
           ...,
           [0., 0., 0.,  ..., 0., 0., 0.],
           [0., 0., 0.,  ..., 0., 0., 0.],
           [0., 0., 0.,  ..., 0., 0., 0.]],

          [[0., 0., 0.,  ..., 0., 0., 0.],
           [0., 0., 0.,  ..., 0., 0., 0.],
           [0., 0., 0.,  ..., 0., 0., 0.],
           ...,
           [0., 0., 0.,  ..., 0., 0., 0.],
           [0., 0., 0.,  ..., 0., 0., 0.],
           [0., 0., 0.,  ..., 0., 0., 0.]]]],



        [[[[0., 0., 0.,  ..., 0., 0., 0.],
           [0., 0., 0.,  ..., 0., 0., 0.],
           [0., 0., 0.,  ..., 0., 0., 0.],
           ...,
           [0., 0., 0.,  ..., 0., 0., 0.],
           [0., 0., 0.,  ..., 0., 0., 0.],
           [0., 0., 0.,  ..., 0., 0., 0.]],

          [[0., 0., 0.,  ..., 0., 0., 0.],
           [0., 0., 0.,  ..., 0., 0., 0.],
           [0., 0., 0.,  ..., 0., 0., 0.],
           ...,
           [0., 0., 0.,  ..., 0., 0., 0.],
           [0., 0., 0.,  ..., 0., 0., 0.],
           [0., 0., 0.,  ..., 0., 0., 0.]],

          [[0., 0., 0.,  ..., 0., 0., 0.],
           [0., 0., 0.,  ..., 0., 0., 0.],
           [0., 0., 0.,  ..., 0., 0., 0.],
           ...,
           [0., 0., 0.,  ..., 0., 0., 0.],
           [0., 0., 0.,  ..., 0., 0., 0.],
           [0., 0., 0.,  ..., 0., 0., 0.]],

          ...,

          [[0., 0., 0.,  ..., 0., 0., 0.],
           [0., 0., 0.,  ..., 0., 0., 0.],
           [0., 0., 0.,  ..., 0., 0., 0.],
           ...,
           [0., 0., 0.,  ..., 0., 0., 0.],
           [0., 0., 0.,  ..., 0., 0., 0.],
           [0., 0., 0.,  ..., 0., 0., 0.]],

          [[0., 0., 0.,  ..., 0., 0., 0.],
           [0., 0., 0.,  ..., 0., 0., 0.],
           [0., 0., 0.,  ..., 0., 0., 0.],
           ...,
           [0., 0., 0.,  ..., 0., 0., 0.],
           [0., 0., 0.,  ..., 0., 0., 0.],
           [0., 0., 0.,  ..., 0., 0., 0.]],

          [[0., 0., 0.,  ..., 0., 0., 0.],
           [0., 0., 0.,  ..., 0., 0., 0.],
           [0., 0., 0.,  ..., 0., 0., 0.],
           ...,
           [0., 0., 0.,  ..., 0., 0., 0.],
           [0., 0., 0.,  ..., 0., 0., 0.],
           [0., 0., 0.,  ..., 0., 0., 0.]]]]], device='cuda:0')
full_texts: ['Question: How serious would you rate this disease? left_context <image> right_context answer:', "Question: What's the severity classification of this medical state? left_context <image> right_context answer:"]
class_labels: ['Mild-Dementia', 'Mild-Dementia']
New batch in val_loader
input_ids: tensor([[ 14924,     25,   3639,    596,    279,   5569,    315,    420,   6593,
           6671,     30,   2163,   8634,    220, 128256,   1314,   8634,   4320,
             25,   6414,     12, 128001],
        [ 14924,     25,   2650,  11084,    374,    279,   8624,   1614,     30,
           2163,   8634,    220, 128256,   1314,   8634,   4320,  31386,    699,
             12, 128001, 128257, 128257]], device='cuda:0')
attention_mask: tensor([[1, 1, 1, 1, 1, 1, 1, 1, 1, 1, 1, 1, 1, 1, 1, 1, 1, 1, 1, 1, 1, 1],
        [1, 1, 1, 1, 1, 1, 1, 1, 1, 1, 1, 1, 1, 1, 1, 1, 1, 1, 1, 1, 0, 0]],
       device='cuda:0')
labels: tensor([[  -100,   -100,   -100,   -100,   -100,   -100,   -100,   -100,   -100,
           -100,   -100,   -100,   -100,   -100,   -100,   -100,   -100,   -100,
           -100,   6414,     12, 128001],
        [  -100,   -100,   -100,   -100,   -100,   -100,   -100,   -100,   -100,
           -100,   -100,   -100,   -100,   -100,   -100,   -100,   -100,    699,
             12, 128001,   -100,   -100]], device='cuda:0')
images: metatensor([[[[[0., 0., 0.,  ..., 0., 0., 0.],
           [0., 0., 0.,  ..., 0., 0., 0.],
           [0., 0., 0.,  ..., 0., 0., 0.],
           ...,
           [0., 0., 0.,  ..., 0., 0., 0.],
           [0., 0., 0.,  ..., 0., 0., 0.],
           [0., 0., 0.,  ..., 0., 0., 0.]],

          [[0., 0., 0.,  ..., 0., 0., 0.],
           [0., 0., 0.,  ..., 0., 0., 0.],
           [0., 0., 0.,  ..., 0., 0., 0.],
           ...,
           [0., 0., 0.,  ..., 0., 0., 0.],
           [0., 0., 0.,  ..., 0., 0., 0.],
           [0., 0., 0.,  ..., 0., 0., 0.]],

          [[0., 0., 0.,  ..., 0., 0., 0.],
           [0., 0., 0.,  ..., 0., 0., 0.],
           [0., 0., 0.,  ..., 0., 0., 0.],
           ...,
           [0., 0., 0.,  ..., 0., 0., 0.],
           [0., 0., 0.,  ..., 0., 0., 0.],
           [0., 0., 0.,  ..., 0., 0., 0.]],

          ...,

          [[0., 0., 0.,  ..., 0., 0., 0.],
           [0., 0., 0.,  ..., 0., 0., 0.],
           [0., 0., 0.,  ..., 0., 0., 0.],
           ...,
           [0., 0., 0.,  ..., 0., 0., 0.],
           [0., 0., 0.,  ..., 0., 0., 0.],
           [0., 0., 0.,  ..., 0., 0., 0.]],

          [[0., 0., 0.,  ..., 0., 0., 0.],
           [0., 0., 0.,  ..., 0., 0., 0.],
           [0., 0., 0.,  ..., 0., 0., 0.],
           ...,
           [0., 0., 0.,  ..., 0., 0., 0.],
           [0., 0., 0.,  ..., 0., 0., 0.],
           [0., 0., 0.,  ..., 0., 0., 0.]],

          [[0., 0., 0.,  ..., 0., 0., 0.],
           [0., 0., 0.,  ..., 0., 0., 0.],
           [0., 0., 0.,  ..., 0., 0., 0.],
           ...,
           [0., 0., 0.,  ..., 0., 0., 0.],
           [0., 0., 0.,  ..., 0., 0., 0.],
           [0., 0., 0.,  ..., 0., 0., 0.]]]],



        [[[[0., 0., 0.,  ..., 0., 0., 0.],
           [0., 0., 0.,  ..., 0., 0., 0.],
           [0., 0., 0.,  ..., 0., 0., 0.],
           ...,
           [0., 0., 0.,  ..., 0., 0., 0.],
           [0., 0., 0.,  ..., 0., 0., 0.],
           [0., 0., 0.,  ..., 0., 0., 0.]],

          [[0., 0., 0.,  ..., 0., 0., 0.],
           [0., 0., 0.,  ..., 0., 0., 0.],
           [0., 0., 0.,  ..., 0., 0., 0.],
           ...,
           [0., 0., 0.,  ..., 0., 0., 0.],
           [0., 0., 0.,  ..., 0., 0., 0.],
           [0., 0., 0.,  ..., 0., 0., 0.]],

          [[0., 0., 0.,  ..., 0., 0., 0.],
           [0., 0., 0.,  ..., 0., 0., 0.],
           [0., 0., 0.,  ..., 0., 0., 0.],
           ...,
           [0., 0., 0.,  ..., 0., 0., 0.],
           [0., 0., 0.,  ..., 0., 0., 0.],
           [0., 0., 0.,  ..., 0., 0., 0.]],

          ...,

          [[0., 0., 0.,  ..., 0., 0., 0.],
           [0., 0., 0.,  ..., 0., 0., 0.],
           [0., 0., 0.,  ..., 0., 0., 0.],
           ...,
           [0., 0., 0.,  ..., 0., 0., 0.],
           [0., 0., 0.,  ..., 0., 0., 0.],
           [0., 0., 0.,  ..., 0., 0., 0.]],

          [[0., 0., 0.,  ..., 0., 0., 0.],
           [0., 0., 0.,  ..., 0., 0., 0.],
           [0., 0., 0.,  ..., 0., 0., 0.],
           ...,
           [0., 0., 0.,  ..., 0., 0., 0.],
           [0., 0., 0.,  ..., 0., 0., 0.],
           [0., 0., 0.,  ..., 0., 0., 0.]],

          [[0., 0., 0.,  ..., 0., 0., 0.],
           [0., 0., 0.,  ..., 0., 0., 0.],
           [0., 0., 0.,  ..., 0., 0., 0.],
           ...,
           [0., 0., 0.,  ..., 0., 0., 0.],
           [0., 0., 0.,  ..., 0., 0., 0.],
           [0., 0., 0.,  ..., 0., 0., 0.]]]]], device='cuda:0')
full_texts: ["Question: What's the scale of this medical situation? left_context <image> right_context answer:non-<|end_of_text|>", 'Question: How advanced is the disease state? left_context <image> right_context answer:mild-<|end_of_text|>']
class_labels: ['Non-Dementia', 'Mild-Dementia']
New batch in val_loader
input_ids: tensor([[ 14924,     25,   3639,    374,    279,   2237,    315,   8624,     30,
           2163,   8634,    220, 128256,   1314,   8634,   4320,     25,   6414,
             12, 128001, 128257, 128257, 128257, 128257],
        [ 14924,     25,   3639,    596,    279,  14830,  79392,    315,    420,
           8624,    596,  21261,     30,   2163,   8634,    220, 128256,   1314,
           8634,   4320,     25,   6414,     12, 128001]], device='cuda:0')
attention_mask: tensor([[1, 1, 1, 1, 1, 1, 1, 1, 1, 1, 1, 1, 1, 1, 1, 1, 1, 1, 1, 1, 0, 0, 0, 0],
        [1, 1, 1, 1, 1, 1, 1, 1, 1, 1, 1, 1, 1, 1, 1, 1, 1, 1, 1, 1, 1, 1, 1, 1]],
       device='cuda:0')
labels: tensor([[  -100,   -100,   -100,   -100,   -100,   -100,   -100,   -100,   -100,
           -100,   -100,   -100,   -100,   -100,   -100,   -100,   -100,   6414,
             12, 128001,   -100,   -100,   -100,   -100],
        [  -100,   -100,   -100,   -100,   -100,   -100,   -100,   -100,   -100,
           -100,   -100,   -100,   -100,   -100,   -100,   -100,   -100,   -100,
           -100,   -100,   -100,   6414,     12, 128001]], device='cuda:0')
images: metatensor([[[[[0., 0., 0.,  ..., 0., 0., 0.],
           [0., 0., 0.,  ..., 0., 0., 0.],
           [0., 0., 0.,  ..., 0., 0., 0.],
           ...,
           [0., 0., 0.,  ..., 0., 0., 0.],
           [0., 0., 0.,  ..., 0., 0., 0.],
           [0., 0., 0.,  ..., 0., 0., 0.]],

          [[0., 0., 0.,  ..., 0., 0., 0.],
           [0., 0., 0.,  ..., 0., 0., 0.],
           [0., 0., 0.,  ..., 0., 0., 0.],
           ...,
           [0., 0., 0.,  ..., 0., 0., 0.],
           [0., 0., 0.,  ..., 0., 0., 0.],
           [0., 0., 0.,  ..., 0., 0., 0.]],

          [[0., 0., 0.,  ..., 0., 0., 0.],
           [0., 0., 0.,  ..., 0., 0., 0.],
           [0., 0., 0.,  ..., 0., 0., 0.],
           ...,
           [0., 0., 0.,  ..., 0., 0., 0.],
           [0., 0., 0.,  ..., 0., 0., 0.],
           [0., 0., 0.,  ..., 0., 0., 0.]],

          ...,

          [[0., 0., 0.,  ..., 0., 0., 0.],
           [0., 0., 0.,  ..., 0., 0., 0.],
           [0., 0., 0.,  ..., 0., 0., 0.],
           ...,
           [0., 0., 0.,  ..., 0., 0., 0.],
           [0., 0., 0.,  ..., 0., 0., 0.],
           [0., 0., 0.,  ..., 0., 0., 0.]],

          [[0., 0., 0.,  ..., 0., 0., 0.],
           [0., 0., 0.,  ..., 0., 0., 0.],
           [0., 0., 0.,  ..., 0., 0., 0.],
           ...,
           [0., 0., 0.,  ..., 0., 0., 0.],
           [0., 0., 0.,  ..., 0., 0., 0.],
           [0., 0., 0.,  ..., 0., 0., 0.]],

          [[0., 0., 0.,  ..., 0., 0., 0.],
           [0., 0., 0.,  ..., 0., 0., 0.],
           [0., 0., 0.,  ..., 0., 0., 0.],
           ...,
           [0., 0., 0.,  ..., 0., 0., 0.],
           [0., 0., 0.,  ..., 0., 0., 0.],
           [0., 0., 0.,  ..., 0., 0., 0.]]]],



        [[[[0., 0., 0.,  ..., 0., 0., 0.],
           [0., 0., 0.,  ..., 0., 0., 0.],
           [0., 0., 0.,  ..., 0., 0., 0.],
           ...,
           [0., 0., 0.,  ..., 0., 0., 0.],
           [0., 0., 0.,  ..., 0., 0., 0.],
           [0., 0., 0.,  ..., 0., 0., 0.]],

          [[0., 0., 0.,  ..., 0., 0., 0.],
           [0., 0., 0.,  ..., 0., 0., 0.],
           [0., 0., 0.,  ..., 0., 0., 0.],
           ...,
           [0., 0., 0.,  ..., 0., 0., 0.],
           [0., 0., 0.,  ..., 0., 0., 0.],
           [0., 0., 0.,  ..., 0., 0., 0.]],

          [[0., 0., 0.,  ..., 0., 0., 0.],
           [0., 0., 0.,  ..., 0., 0., 0.],
           [0., 0., 0.,  ..., 0., 0., 0.],
           ...,
           [0., 0., 0.,  ..., 0., 0., 0.],
           [0., 0., 0.,  ..., 0., 0., 0.],
           [0., 0., 0.,  ..., 0., 0., 0.]],

          ...,

          [[0., 0., 0.,  ..., 0., 0., 0.],
           [0., 0., 0.,  ..., 0., 0., 0.],
           [0., 0., 0.,  ..., 0., 0., 0.],
           ...,
           [0., 0., 0.,  ..., 0., 0., 0.],
           [0., 0., 0.,  ..., 0., 0., 0.],
           [0., 0., 0.,  ..., 0., 0., 0.]],

          [[0., 0., 0.,  ..., 0., 0., 0.],
           [0., 0., 0.,  ..., 0., 0., 0.],
           [0., 0., 0.,  ..., 0., 0., 0.],
           ...,
           [0., 0., 0.,  ..., 0., 0., 0.],
           [0., 0., 0.,  ..., 0., 0., 0.],
           [0., 0., 0.,  ..., 0., 0., 0.]],

          [[0., 0., 0.,  ..., 0., 0., 0.],
           [0., 0., 0.,  ..., 0., 0., 0.],
           [0., 0., 0.,  ..., 0., 0., 0.],
           ...,
           [0., 0., 0.,  ..., 0., 0., 0.],
           [0., 0., 0.,  ..., 0., 0., 0.],
           [0., 0., 0.,  ..., 0., 0., 0.]]]]], device='cuda:0')
full_texts: ['Question: What is the level of disease? left_context <image> right_context answer:non-<|end_of_text|>', "Question: What's the clinical appraisal of this disease's intensity? left_context <image> right_context answer:non-<|end_of_text|>"]
class_labels: ['Non-Dementia', 'Non-Dementia']
